0.4	11.6055173	9.025181592
0.401201	11.60552182	8.998056885
0.402402	11.60552636	8.97109381
0.403604	11.60553091	8.944290925
0.404805	11.60553548	8.917646803
0.406006	11.60554006	8.891160035
0.407207	11.60554465	8.864829229
0.408408	11.60554925	8.838653008
0.40961	11.60555387	8.812630013
0.410811	11.6055585	8.7867589
0.412012	11.60556315	8.761038339
0.413213	11.60556781	8.735467019
0.414414	11.60557248	8.710043641
0.415616	11.60557717	8.684766923
0.416817	11.60558187	8.659635597
0.418018	11.60558658	8.634648409
0.419219	11.60559131	8.609804121
0.42042	11.60559605	8.585101507
0.421622	11.6056008	8.560539357
0.422823	11.60560557	8.536116473
0.424024	11.60561035	8.511831673
0.425225	11.60561514	8.487683786
0.426426	11.60561995	8.463671654
0.427628	11.60562477	8.439794135
0.428829	11.6056296	8.416050096
0.43003	11.60563445	8.39243842
0.431231	11.60563931	8.368958
0.432432	11.60564418	8.345607742
0.433634	11.60564907	8.322386564
0.434835	11.60565397	8.299293398
0.436036	11.60565889	8.276327185
0.437237	11.60566382	8.253486879
0.438438	11.60566876	8.230771445
0.43964	11.60567371	8.208179859
0.440841	11.60567868	8.185711109
0.442042	11.60568366	8.163364194
0.443243	11.60568866	8.141138123
0.444444	11.60569367	8.119031917
0.445646	11.60569869	8.097044606
0.446847	11.60570372	8.075175231
0.448048	11.60570877	8.053422844
0.449249	11.60571383	8.031786506
0.45045	11.60571891	8.01026529
0.451652	11.605724	7.988858276
0.452853	11.6057291	7.967564556
0.454054	11.60573422	7.946383231
0.455255	11.60573935	7.925313411
0.456456	11.60574449	7.904354215
0.457658	11.60574965	7.883504773
0.458859	11.60575482	7.862764224
0.46006	11.60576	7.842131713
0.461261	11.6057652	7.821606396
0.462462	11.6057704	7.80118744
0.463664	11.60577563	7.780874016
0.464865	11.60578087	7.760665308
0.466066	11.60578612	7.740560505
0.467267	11.60579138	7.720558805
0.468468	11.60579666	7.700659417
0.46967	11.60580195	7.680861555
0.470871	11.60580725	7.661164441
0.472072	11.60581257	7.641567308
0.473273	11.6058179	7.622069393
0.474474	11.60582324	7.602669943
0.475676	11.6058286	7.583368212
0.476877	11.60583397	7.564163463
0.478078	11.60583935	7.545054963
0.479279	11.60584475	7.526041989
0.48048	11.60585016	7.507123825
0.481682	11.60585559	7.488299761
0.482883	11.60586102	7.469569096
0.484084	11.60586648	7.450931133
0.485285	11.60587194	7.432385186
0.486486	11.60587742	7.413930571
0.487688	11.60588291	7.395566614
0.488889	11.60588841	7.377292647
0.49009	11.60589393	7.359108009
0.491291	11.60589946	7.341012044
0.492492	11.60590501	7.323004103
0.493694	11.60591057	7.305083543
0.494895	11.60591614	7.28724973
0.496096	11.60592172	7.269502031
0.497297	11.60592732	7.251839825
0.498498	11.60593293	7.234262491
0.4997	11.60593856	7.216769419
0.500901	11.6059442	7.199360003
0.502102	11.60594985	7.182033641
0.503303	11.60595551	7.164789739
0.504505	11.60596119	7.147627709
0.505706	11.60596688	7.130546966
0.506907	11.60597259	7.113546933
0.508108	11.60597831	7.096627038
0.509309	11.60598404	7.079786714
0.510511	11.60598979	7.063025399
0.511712	11.60599555	7.046342536
0.512913	11.60600132	7.029737574
0.514114	11.6060071	7.013209968
0.515315	11.6060129	6.996759176
0.516517	11.60601871	6.980384663
0.517718	11.60602454	6.964085898
0.518919	11.60603038	6.947862354
0.52012	11.60603623	6.931713511
0.521321	11.6060421	6.915638852
0.522523	11.60604798	6.899637865
0.523724	11.60605387	6.883710045
0.524925	11.60605977	6.867854887
0.526126	11.60606569	6.852071895
0.527327	11.60607163	6.836360576
0.528529	11.60607757	6.820720441
0.52973	11.60608353	6.805151006
0.530931	11.6060895	6.78965179
0.532132	11.60609549	6.774222319
0.533333	11.60610149	6.758862121
0.534535	11.6061075	6.743570729
0.535736	11.60611353	6.72834768
0.536937	11.60611957	6.713192516
0.538138	11.60612562	6.698104782
0.539339	11.60613169	6.683084028
0.540541	11.60613777	6.668129807
0.541742	11.60614386	6.653241677
0.542943	11.60614996	6.638419198
0.544144	11.60615608	6.623661937
0.545345	11.60616222	6.608969461
0.546547	11.60616836	6.594341345
0.547748	11.60617452	6.579777165
0.548949	11.60618069	6.5652765
0.55015	11.60618688	6.550838936
0.551351	11.60619308	6.536464059
0.552553	11.60619929	6.522151461
0.553754	11.60620552	6.507900736
0.554955	11.60621176	6.493711483
0.556156	11.60621801	6.479583304
0.557357	11.60622428	6.465515803
0.558559	11.60623055	6.45150859
0.55976	11.60623685	6.437561275
0.560961	11.60624315	6.423673475
0.562162	11.60624947	6.409844808
0.563363	11.6062558	6.396074895
0.564565	11.60626215	6.382363362
0.565766	11.60626851	6.368709836
0.566967	11.60627488	6.35511395
0.568168	11.60628127	6.341575337
0.569369	11.60628767	6.328093636
0.570571	11.60629408	6.314668486
0.571772	11.6063005	6.301299531
0.572973	11.60630694	6.287986418
0.574174	11.6063134	6.274728796
0.575375	11.60631986	6.261526319
0.576577	11.60632634	6.24837864
0.577778	11.60633283	6.235285419
0.578979	11.60633934	6.222246317
0.58018	11.60634586	6.209260997
0.581381	11.60635239	6.196329126
0.582583	11.60635893	6.183450373
0.583784	11.60636549	6.170624412
0.584985	11.60637206	6.157850915
0.586186	11.60637865	6.145129562
0.587387	11.60638525	6.132460032
0.588589	11.60639186	6.119842007
0.58979	11.60639848	6.107275174
0.590991	11.60640512	6.094759219
0.592192	11.60641177	6.082293834
0.593393	11.60641844	6.069878712
0.594595	11.60642512	6.057513547
0.595796	11.60643181	6.045198038
0.596997	11.60643851	6.032931884
0.598198	11.60644523	6.020714789
0.599399	11.60645196	6.008546458
0.600601	11.60645871	5.996426598
0.601802	11.60646547	5.984354919
0.603003	11.60647224	5.972331132
0.604204	11.60647902	5.960354954
0.605405	11.60648582	5.948426099
0.606607	11.60649263	5.936544286
0.607808	11.60649945	5.924709238
0.609009	11.60650629	5.912920678
0.61021	11.60651314	5.90117833
0.611411	11.60652001	5.889481922
0.612613	11.60652688	5.877831185
0.613814	11.60653377	5.866225849
0.615015	11.60654068	5.85466565
0.616216	11.60654759	5.843150323
0.617417	11.60655452	5.831679606
0.618619	11.60656147	5.82025324
0.61982	11.60656842	5.808870966
0.621021	11.60657539	5.797532529
0.622222	11.60658238	5.786237675
0.623423	11.60658937	5.774986153
0.624625	11.60659638	5.763777711
0.625826	11.60660341	5.752612102
0.627027	11.60661044	5.74148908
0.628228	11.60661749	5.7304084
0.629429	11.60662455	5.719369821
0.630631	11.60663163	5.708373101
0.631832	11.60663872	5.697418003
0.633033	11.60664582	5.686504288
0.634234	11.60665294	5.675631722
0.635435	11.60666007	5.664800072
0.636637	11.60666721	5.654009106
0.637838	11.60667436	5.643258593
0.639039	11.60668153	5.632548307
0.64024	11.60668871	5.621878021
0.641441	11.60669591	5.61124751
0.642643	11.60670312	5.60065655
0.643844	11.60671034	5.590104921
0.645045	11.60671757	5.579592403
0.646246	11.60672482	5.569118778
0.647447	11.60673208	5.558683829
0.648649	11.60673936	5.548287342
0.64985	11.60674664	5.537929103
0.651051	11.60675394	5.5276089
0.652252	11.60676126	5.517326524
0.653453	11.60676859	5.507081766
0.654655	11.60677593	5.496874418
0.655856	11.60678328	5.486704276
0.657057	11.60679065	5.476571135
0.658258	11.60679803	5.466474793
0.659459	11.60680542	5.456415049
0.660661	11.60681283	5.446391702
0.661862	11.60682024	5.436404556
0.663063	11.60682768	5.426453412
0.664264	11.60683512	5.416538077
0.665465	11.60684258	5.406658355
0.666667	11.60685005	5.396814055
0.667868	11.60685754	5.387004986
0.669069	11.60686504	5.377230957
0.67027	11.60687255	5.36749178
0.671471	11.60688008	5.357787269
0.672673	11.60688761	5.348117237
0.673874	11.60689517	5.3384815
0.675075	11.60690273	5.328879876
0.676276	11.60691031	5.319312182
0.677477	11.6069179	5.309778238
0.678679	11.6069255	5.300277865
0.67988	11.60693312	5.290810885
0.681081	11.60694075	5.281377121
0.682282	11.60694839	5.271976397
0.683483	11.60695605	5.262608541
0.684685	11.60696372	5.253273378
0.685886	11.6069714	5.243970737
0.687087	11.6069791	5.234700447
0.688288	11.60698681	5.225462339
0.689489	11.60699453	5.216256245
0.690691	11.60700227	5.207081998
0.691892	11.60701002	5.197939432
0.693093	11.60701778	5.188828382
0.694294	11.60702556	5.179748685
0.695495	11.60703334	5.170700178
0.696697	11.60704115	5.1616827
0.697898	11.60704896	5.152696091
0.699099	11.60705679	5.143740191
0.7003	11.60706463	5.134814843
0.701502	11.60707248	5.12591989
0.702703	11.60708035	5.117055176
0.703904	11.60708823	5.108220546
0.705105	11.60709613	5.099415846
0.706306	11.60710403	5.090640924
0.707508	11.60711195	5.081895628
0.708709	11.60711988	5.073179808
0.70991	11.60712783	5.064493313
0.711111	11.60713579	5.055835996
0.712312	11.60714376	5.047207708
0.713514	11.60715175	5.038608303
0.714715	11.60715975	5.030037636
0.715916	11.60716776	5.021495561
0.717117	11.60717578	5.012981936
0.718318	11.60718382	5.004496617
0.71952	11.60719187	4.996039463
0.720721	11.60719994	4.987610333
0.721922	11.60720802	4.979209086
0.723123	11.60721611	4.970835585
0.724324	11.60722421	4.962489691
0.725526	11.60723233	4.954171267
0.726727	11.60724046	4.945880177
0.727928	11.6072486	4.937616285
0.729129	11.60725676	4.929379457
0.73033	11.60726492	4.92116956
0.731532	11.60727311	4.912986461
0.732733	11.6072813	4.904830028
0.733934	11.60728951	4.89670013
0.735135	11.60729773	4.888596637
0.736336	11.60730597	4.880519421
0.737538	11.60731422	4.872468352
0.738739	11.60732248	4.864443303
0.73994	11.60733075	4.856444148
0.741141	11.60733904	4.84847076
0.742342	11.60734734	4.840523014
0.743544	11.60735565	4.832600787
0.744745	11.60736398	4.824703954
0.745946	11.60737232	4.816832394
0.747147	11.60738067	4.808985984
0.748348	11.60738904	4.801164602
0.74955	11.60739741	4.79336813
0.750751	11.60740581	4.785596447
0.751952	11.60741421	4.777849434
0.753153	11.60742263	4.770126974
0.754354	11.60743106	4.762428949
0.755556	11.6074395	4.754755243
0.756757	11.60744796	4.74710574
0.757958	11.60745643	4.739480325
0.759159	11.60746492	4.731878883
0.76036	11.60747341	4.724301301
0.761562	11.60748192	4.716747466
0.762763	11.60749044	4.709217266
0.763964	11.60749898	4.701710589
0.765165	11.60750753	4.694227325
0.766366	11.60751609	4.686767364
0.767568	11.60752466	4.679330596
0.768769	11.60753325	4.671916912
0.76997	11.60754185	4.664526205
0.771171	11.60755047	4.657158367
0.772372	11.60755909	4.649813291
0.773574	11.60756773	4.642490872
0.774775	11.60757639	4.635191004
0.775976	11.60758505	4.627913582
0.777177	11.60759373	4.620658503
0.778378	11.60760243	4.613425663
0.77958	11.60761113	4.606214958
0.780781	11.60761985	4.599026288
0.781982	11.60762858	4.59185955
0.783183	11.60763732	4.584714644
0.784384	11.60764608	4.577591469
0.785586	11.60765485	4.570489925
0.786787	11.60766364	4.563409915
0.787988	11.60767243	4.556351338
0.789189	11.60768124	4.549314098
0.79039	11.60769006	4.542298096
0.791592	11.6076989	4.535303237
0.792793	11.60770775	4.528329424
0.793994	11.60771661	4.521376562
0.795195	11.60772548	4.514444556
0.796396	11.60773437	4.507533312
0.797598	11.60774327	4.500642735
0.798799	11.60775219	4.493772732
0.8	11.60776111	4.486923211
0.801201	11.60777005	4.48009408
0.802402	11.60777901	4.473285248
0.803604	11.60778797	4.466496622
0.804805	11.60779695	4.459728113
0.806006	11.60780594	4.452979631
0.807207	11.60781495	4.446251087
0.808408	11.60782396	4.439542391
0.80961	11.60783299	4.432853455
0.810811	11.60784204	4.426184192
0.812012	11.60785109	4.419534513
0.813213	11.60786016	4.412904333
0.814414	11.60786925	4.406293566
0.815616	11.60787834	4.399702124
0.816817	11.60788745	4.393129924
0.818018	11.60789657	4.38657688
0.819219	11.60790571	4.380042909
0.82042	11.60791485	4.373527926
0.821622	11.60792401	4.367031848
0.822823	11.60793319	4.360554592
0.824024	11.60794237	4.354096076
0.825225	11.60795157	4.347656219
0.826426	11.60796079	4.341234938
0.827628	11.60797001	4.334832154
0.828829	11.60797925	4.328447785
0.83003	11.6079885	4.322081752
0.831231	11.60799777	4.315733975
0.832432	11.60800704	4.309404376
0.833634	11.60801633	4.303092875
0.834835	11.60802564	4.296799394
0.836036	11.60803495	4.290523857
0.837237	11.60804428	4.284266185
0.838438	11.60805362	4.278026303
0.83964	11.60806298	4.271804133
0.840841	11.60807235	4.265599599
0.842042	11.60808173	4.259412627
0.843243	11.60809112	4.253243141
0.844444	11.60810053	4.247091067
0.845646	11.60810995	4.240956331
0.846847	11.60811938	4.234838858
0.848048	11.60812882	4.228738575
0.849249	11.60813828	4.22265541
0.85045	11.60814775	4.21658929
0.851652	11.60815724	4.210540142
0.852853	11.60816674	4.204507896
0.854054	11.60817625	4.19849248
0.855255	11.60818577	4.192493823
0.856456	11.6081953	4.186511854
0.857658	11.60820485	4.180546503
0.858859	11.60821441	4.174597701
0.86006	11.60822399	4.168665379
0.861261	11.60823358	4.162749467
0.862462	11.60824318	4.156849896
0.863664	11.60825279	4.1509666
0.864865	11.60826242	4.145099509
0.866066	11.60827206	4.139248557
0.867267	11.60828171	4.133413677
0.868468	11.60829137	4.127594801
0.86967	11.60830105	4.121791863
0.870871	11.60831074	4.116004799
0.872072	11.60832045	4.110233541
0.873273	11.60833016	4.104478025
0.874474	11.60833989	4.098738186
0.875676	11.60834963	4.093013959
0.876877	11.60835939	4.087305281
0.878078	11.60836916	4.081612088
0.879279	11.60837894	4.075934315
0.88048	11.60838873	4.0702719
0.881682	11.60839854	4.064624781
0.882883	11.60840836	4.058992894
0.884084	11.60841819	4.053376178
0.885285	11.60842804	4.047774572
0.886486	11.6084379	4.042188013
0.887688	11.60844777	4.03661644
0.888889	11.60845765	4.031059793
0.89009	11.60846755	4.025518012
0.891291	11.60847746	4.019991036
0.892492	11.60848738	4.014478805
0.893694	11.60849732	4.008981261
0.894895	11.60850726	4.003498344
0.896096	11.60851723	3.998029995
0.897297	11.6085272	3.992576155
0.898498	11.60853719	3.987136768
0.8997	11.60854719	3.981711773
0.900901	11.6085572	3.976301116
0.902102	11.60856722	3.970904736
0.903303	11.60857726	3.965522579
0.904505	11.60858731	3.960154588
0.905706	11.60859738	3.954800705
0.906907	11.60860746	3.949460875
0.908108	11.60861754	3.944135042
0.909309	11.60862765	3.938823151
0.910511	11.60863776	3.933525147
0.911712	11.60864789	3.928240974
0.912913	11.60865803	3.922970579
0.914114	11.60866819	3.917713906
0.915315	11.60867835	3.912470902
0.916517	11.60868853	3.907241513
0.917718	11.60869872	3.902025686
0.918919	11.60870893	3.896823367
0.92012	11.60871915	3.891634504
0.921321	11.60872938	3.886459044
0.922523	11.60873962	3.881296935
0.923724	11.60874988	3.876148124
0.924925	11.60876015	3.87101256
0.926126	11.60877043	3.865890192
0.927327	11.60878072	3.860780967
0.928529	11.60879103	3.855684836
0.92973	11.60880135	3.850601746
0.930931	11.60881168	3.845531649
0.932132	11.60882203	3.840474493
0.933333	11.60883239	3.835430229
0.934535	11.60884276	3.830398807
0.935736	11.60885315	3.825380178
0.936937	11.60886354	3.820374292
0.938138	11.60887395	3.8153811
0.939339	11.60888438	3.810400554
0.940541	11.60889481	3.805432606
0.941742	11.60890526	3.800477207
0.942943	11.60891572	3.795534309
0.944144	11.60892619	3.790603864
0.945345	11.60893668	3.785685826
0.946547	11.60894718	3.780780146
0.947748	11.60895769	3.775886778
0.948949	11.60896822	3.771005676
0.95015	11.60897875	3.766136792
0.951351	11.6089893	3.761280081
0.952553	11.60899987	3.756435496
0.953754	11.60901044	3.751602991
0.954955	11.60902103	3.746782522
0.956156	11.60903163	3.741974042
0.957357	11.60904225	3.737177507
0.958559	11.60905287	3.732392871
0.95976	11.60906351	3.727620091
0.960961	11.60907417	3.722859121
0.962162	11.60908483	3.718109917
0.963363	11.60909551	3.713372436
0.964565	11.6091062	3.708646633
0.965766	11.6091169	3.703932466
0.966967	11.60912762	3.69922989
0.968168	11.60913835	3.694538863
0.969369	11.60914909	3.689859341
0.970571	11.60915984	3.685191282
0.971772	11.60917061	3.680534644
0.972973	11.60918139	3.675889384
0.974174	11.60919218	3.67125546
0.975375	11.60920299	3.666632831
0.976577	11.60921381	3.662021454
0.977778	11.60922464	3.657421288
0.978979	11.60923548	3.652832292
0.98018	11.60924634	3.648254425
0.981381	11.60925721	3.643687646
0.982583	11.60926809	3.639131915
0.983784	11.60927898	3.63458719
0.984985	11.60928989	3.630053432
0.986186	11.60930081	3.625530601
0.987387	11.60931174	3.621018657
0.988589	11.60932268	3.616517559
0.98979	11.60933364	3.612027269
0.990991	11.60934461	3.607547748
0.992192	11.6093556	3.603078956
0.993393	11.60936659	3.598620854
0.994595	11.6093776	3.594173404
0.995796	11.60938862	3.589736567
0.996997	11.60939965	3.585310305
0.998198	11.6094107	3.580894579
0.999399	11.60942176	3.576489352
1.0006	11.60943283	3.572094586
1.0018	11.60944392	3.567710244
1.003	11.60945501	3.563336287
1.0042	11.60946612	3.558972678
1.00541	11.60947725	3.554619382
1.00661	11.60948838	3.550276359
1.00781	11.60949953	3.545943575
1.00901	11.60951069	3.541620992
1.01021	11.60952186	3.537308574
1.01141	11.60953305	3.533006285
1.01261	11.60954425	3.528714088
1.01381	11.60955546	3.524431949
1.01502	11.60956668	3.520159831
1.01622	11.60957792	3.515897698
1.01742	11.60958917	3.511645516
1.01862	11.60960043	3.507403249
1.01982	11.6096117	3.503170862
1.02102	11.60962299	3.49894832
1.02222	11.60963429	3.494735589
1.02342	11.6096456	3.490532635
1.02462	11.60965692	3.486339421
1.02583	11.60966826	3.482155916
1.02703	11.60967961	3.477982084
1.02823	11.60969097	3.473817891
1.02943	11.60970235	3.469663305
1.03063	11.60971374	3.46551829
1.03183	11.60972514	3.461382815
1.03303	11.60973655	3.457256845
1.03423	11.60974798	3.453140348
1.03544	11.60975942	3.449033291
1.03664	11.60977087	3.44493564
1.03784	11.60978233	3.440847363
1.03904	11.60979381	3.436768429
1.04024	11.60980529	3.432698803
1.04144	11.6098168	3.428638455
1.04264	11.60982831	3.424587351
1.04384	11.60983984	3.420545461
1.04505	11.60985138	3.416512753
1.04625	11.60986293	3.412489194
1.04745	11.60987449	3.408474753
1.04865	11.60988607	3.4044694
1.04985	11.60989766	3.400473103
1.05105	11.60990926	3.39648583
1.05225	11.60992087	3.392507552
1.05345	11.6099325	3.388538236
1.05465	11.60994414	3.384577854
1.05586	11.60995579	3.380626373
1.05706	11.60996746	3.376683765
1.05826	11.60997914	3.372749998
1.05946	11.60999083	3.368825042
1.06066	11.61000253	3.364908868
1.06186	11.61001424	3.361001447
1.06306	11.61002597	3.357102747
1.06426	11.61003771	3.35321274
1.06547	11.61004946	3.349331397
1.06667	11.61006123	3.345458688
1.06787	11.61007301	3.341594583
1.06907	11.6100848	3.337739055
1.07027	11.6100966	3.333892074
1.07147	11.61010842	3.330053611
1.07267	11.61012024	3.326223638
1.07387	11.61013208	3.322402126
1.07508	11.61014394	3.318589048
1.07628	11.6101558	3.314784374
1.07748	11.61016768	3.310988077
1.07868	11.61017957	3.307200129
1.07988	11.61019147	3.303420501
1.08108	11.61020339	3.299649167
1.08228	11.61021532	3.295886099
1.08348	11.61022726	3.292131268
1.08468	11.61023921	3.288384648
1.08589	11.61025118	3.284646212
1.08709	11.61026316	3.280915933
1.08829	11.61027515	3.277193782
1.08949	11.61028715	3.273479735
1.09069	11.61029917	3.269773763
1.09189	11.61031119	3.26607584
1.09309	11.61032324	3.26238594
1.09429	11.61033529	3.258704037
1.0955	11.61034735	3.255030103
1.0967	11.61035943	3.251364113
1.0979	11.61037152	3.247706041
1.0991	11.61038363	3.244055861
1.1003	11.61039574	3.240413547
1.1015	11.61040787	3.236779073
1.1027	11.61042001	3.233152414
1.1039	11.61043216	3.229533544
1.10511	11.61044433	3.225922438
1.10631	11.61045651	3.22231907
1.10751	11.6104687	3.218723416
1.10871	11.6104809	3.21513545
1.10991	11.61049312	3.211555148
1.11111	11.61050534	3.207982484
1.11231	11.61051759	3.204417434
1.11351	11.61052984	3.200859973
1.11471	11.6105421	3.197310077
1.11592	11.61055438	3.193767721
1.11712	11.61056667	3.190232881
1.11832	11.61057897	3.186705534
1.11952	11.61059129	3.183185653
1.12072	11.61060362	3.179673217
1.12192	11.61061596	3.1761682
1.12312	11.61062831	3.172670579
1.12432	11.61064067	3.169180331
1.12553	11.61065305	3.165697431
1.12673	11.61066544	3.162221857
1.12793	11.61067784	3.158753584
1.12913	11.61069026	3.155292591
1.13033	11.61070268	3.151838852
1.13153	11.61071512	3.148392346
1.13273	11.61072758	3.14495305
1.13393	11.61074004	3.141520939
1.13514	11.61075252	3.138095993
1.13634	11.610765	3.134678187
1.13754	11.61077751	3.1312675
1.13874	11.61079002	3.127863909
1.13994	11.61080255	3.124467391
1.14114	11.61081508	3.121077924
1.14234	11.61082764	3.117695486
1.14354	11.6108402	3.114320055
1.14474	11.61085278	3.110951608
1.14595	11.61086536	3.107590125
1.14715	11.61087796	3.104235582
1.14835	11.61089058	3.100887959
1.14955	11.6109032	3.097547233
1.15075	11.61091584	3.094213383
1.15195	11.61092849	3.090886387
1.15315	11.61094115	3.087566225
1.15435	11.61095383	3.084252874
1.15556	11.61096651	3.080946314
1.15676	11.61097921	3.077646523
1.15796	11.61099193	3.07435348
1.15916	11.61100465	3.071067165
1.16036	11.61101739	3.067787556
1.16156	11.61103014	3.064514633
1.16276	11.6110429	3.061248375
1.16396	11.61105567	3.057988762
1.16517	11.61106846	3.054735772
1.16637	11.61108126	3.051489386
1.16757	11.61109407	3.048249582
1.16877	11.61110689	3.045016342
1.16997	11.61111972	3.041789644
1.17117	11.61113257	3.038569469
1.17237	11.61114543	3.035355796
1.17357	11.61115831	3.032148605
1.17477	11.61117119	3.028947877
1.17598	11.61118409	3.025753592
1.17718	11.611197	3.02256573
1.17838	11.61120992	3.019384272
1.17958	11.61122285	3.016209198
1.18078	11.6112358	3.013040488
1.18198	11.61124876	3.009878123
1.18318	11.61126173	3.006722084
1.18438	11.61127471	3.003572352
1.18559	11.61128771	3.000428907
1.18679	11.61130072	2.99729173
1.18799	11.61131374	2.994160803
1.18919	11.61132677	2.991036107
1.19039	11.61133981	2.987917622
1.19159	11.61135287	2.98480533
1.19279	11.61136594	2.981699212
1.19399	11.61137902	2.978599249
1.1952	11.61139211	2.975505424
1.1964	11.61140522	2.972417717
1.1976	11.61141834	2.96933611
1.1988	11.61143147	2.966260585
1.2	11.61144461	2.963191124
1.2012	11.61145777	2.960127708
1.2024	11.61147094	2.95707032
1.2036	11.61148412	2.954018941
1.2048	11.61149731	2.950973553
1.20601	11.61151051	2.947934138
1.20721	11.61152373	2.944900679
1.20841	11.61153696	2.941873159
1.20961	11.6115502	2.938851558
1.21081	11.61156345	2.93583586
1.21201	11.61157672	2.932826047
1.21321	11.61159	2.929822102
1.21441	11.61160329	2.926824007
1.21562	11.61161659	2.923831745
1.21682	11.6116299	2.920845299
1.21802	11.61164323	2.917864651
1.21922	11.61165657	2.914889784
1.22042	11.61166992	2.911920682
1.22162	11.61168329	2.908957327
1.22282	11.61169666	2.905999703
1.22402	11.61171005	2.903047792
1.22523	11.61172345	2.900101578
1.22643	11.61173686	2.897161044
1.22763	11.61175029	2.894226174
1.22883	11.61176372	2.89129695
1.23003	11.61177717	2.888373356
1.23123	11.61179063	2.885455377
1.23243	11.61180411	2.882542995
1.23363	11.61181759	2.879636194
1.23483	11.61183109	2.876734957
1.23604	11.6118446	2.87383927
1.23724	11.61185812	2.870949115
1.23844	11.61187166	2.868064476
1.23964	11.6118852	2.865185338
1.24084	11.61189876	2.862311684
1.24204	11.61191233	2.859443499
1.24324	11.61192592	2.856580767
1.24444	11.61193951	2.853723471
1.24565	11.61195312	2.850871597
1.24685	11.61196674	2.848025128
1.24805	11.61198037	2.845184049
1.24925	11.61199402	2.842348345
1.25045	11.61200767	2.839518
1.25165	11.61202134	2.836692998
1.25285	11.61203502	2.833873325
1.25405	11.61204871	2.831058965
1.25526	11.61206242	2.828249902
1.25646	11.61207614	2.825446122
1.25766	11.61208987	2.822647609
1.25886	11.61210361	2.819854349
1.26006	11.61211736	2.817066326
1.26126	11.61213113	2.814283525
1.26246	11.6121449	2.811505932
1.26366	11.61215869	2.808733532
1.26486	11.6121725	2.80596631
1.26607	11.61218631	2.803204251
1.26727	11.61220014	2.80044734
1.26847	11.61221398	2.797695564
1.26967	11.61222783	2.794948907
1.27087	11.61224169	2.792207354
1.27207	11.61225556	2.789470893
1.27327	11.61226945	2.786739507
1.27447	11.61228335	2.784013183
1.27568	11.61229726	2.781291906
1.27688	11.61231118	2.778575663
1.27808	11.61232512	2.775864439
1.27928	11.61233907	2.773158219
1.28048	11.61235303	2.770456991
1.28168	11.612367	2.767760739
1.28288	11.61238098	2.765069451
1.28408	11.61239498	2.762383111
1.28529	11.61240898	2.759701706
1.28649	11.612423	2.757025223
1.28769	11.61243704	2.754353648
1.28889	11.61245108	2.751686966
1.29009	11.61246514	2.749025164
1.29129	11.61247921	2.746368229
1.29249	11.61249329	2.743716148
1.29369	11.61250738	2.741068905
1.29489	11.61252148	2.738426489
1.2961	11.6125356	2.735788886
1.2973	11.61254973	2.733156082
1.2985	11.61256387	2.730528064
1.2997	11.61257802	2.727904819
1.3009	11.61259219	2.725286334
1.3021	11.61260636	2.722672595
1.3033	11.61262055	2.720063589
1.3045	11.61263475	2.717459304
1.30571	11.61264897	2.714859726
1.30691	11.61266319	2.712264842
1.30811	11.61267743	2.70967464
1.30931	11.61269168	2.707089106
1.31051	11.61270594	2.704508229
1.31171	11.61272021	2.701931994
1.31291	11.6127345	2.699360389
1.31411	11.61274879	2.696793402
1.31532	11.6127631	2.69423102
1.31652	11.61277742	2.69167323
1.31772	11.61279176	2.68912002
1.31892	11.6128061	2.686571378
1.32012	11.61282046	2.68402729
1.32132	11.61283483	2.681487745
1.32252	11.61284921	2.67895273
1.32372	11.6128636	2.676422233
1.32492	11.61287801	2.673896241
1.32613	11.61289242	2.671374742
1.32733	11.61290685	2.668857725
1.32853	11.61292129	2.666345177
1.32973	11.61293575	2.663837085
1.33093	11.61295021	2.661333439
1.33213	11.61296469	2.658834225
1.33333	11.61297918	2.656339432
1.33453	11.61299368	2.653849049
1.33574	11.61300819	2.651363062
1.33694	11.61302272	2.64888146
1.33814	11.61303726	2.646404232
1.33934	11.6130518	2.643931366
1.34054	11.61306637	2.64146285
1.34174	11.61308094	2.638998672
1.34294	11.61309552	2.636538821
1.34414	11.61311012	2.634083285
1.34535	11.61312473	2.631632053
1.34655	11.61313935	2.629185112
1.34775	11.61315398	2.626742453
1.34895	11.61316863	2.624304062
1.35015	11.61318328	2.62186993
1.35135	11.61319795	2.619440044
1.35255	11.61321263	2.617014393
1.35375	11.61322732	2.614592967
1.35495	11.61324203	2.612175753
1.35616	11.61325674	2.60976274
1.35736	11.61327147	2.607353918
1.35856	11.61328621	2.604949276
1.35976	11.61330096	2.602548802
1.36096	11.61331573	2.600152485
1.36216	11.6133305	2.597760314
1.36336	11.61334529	2.595372279
1.36456	11.61336009	2.592988368
1.36577	11.6133749	2.590608571
1.36697	11.61338972	2.588232876
1.36817	11.61340456	2.585861274
1.36937	11.61341941	2.583493753
1.37057	11.61343427	2.581130302
1.37177	11.61344914	2.578770911
1.37297	11.61346402	2.57641557
1.37417	11.61347891	2.574064267
1.37538	11.61349382	2.571716992
1.37658	11.61350874	2.569373735
1.37778	11.61352367	2.567034484
1.37898	11.61353861	2.564699231
1.38018	11.61355356	2.562367963
1.38138	11.61356853	2.560040671
1.38258	11.61358351	2.557717345
1.38378	11.6135985	2.555397974
1.38498	11.6136135	2.553082548
1.38619	11.61362851	2.550771056
1.38739	11.61364354	2.548463489
1.38859	11.61365857	2.546159836
1.38979	11.61367362	2.543860087
1.39099	11.61368868	2.541564232
1.39219	11.61370376	2.539272262
1.39339	11.61371884	2.536984165
1.39459	11.61373394	2.534699932
1.3958	11.61374904	2.532419553
1.397	11.61376416	2.530143018
1.3982	11.61377929	2.527870318
1.3994	11.61379444	2.525601442
1.4006	11.61380959	2.52333638
1.4018	11.61382476	2.521075123
1.403	11.61383994	2.518817661
1.4042	11.61385513	2.516563985
1.40541	11.61387033	2.514314084
1.40661	11.61388555	2.512067948
1.40781	11.61390077	2.50982557
1.40901	11.61391601	2.507586938
1.41021	11.61393126	2.505352043
1.41141	11.61394652	2.503120875
1.41261	11.61396179	2.500893426
1.41381	11.61397708	2.498669686
1.41502	11.61399238	2.496449644
1.41622	11.61400768	2.494233293
1.41742	11.614023	2.492020622
1.41862	11.61403834	2.489811623
1.41982	11.61405368	2.487606285
1.42102	11.61406904	2.4854046
1.42222	11.6140844	2.483206558
1.42342	11.61409978	2.48101215
1.42462	11.61411517	2.478821368
1.42583	11.61413058	2.476634201
1.42703	11.61414599	2.474450641
1.42823	11.61416142	2.472270678
1.42943	11.61417685	2.470094305
1.43063	11.6141923	2.467921511
1.43183	11.61420777	2.465752287
1.43303	11.61422324	2.463586625
1.43423	11.61423872	2.461424516
1.43544	11.61425422	2.459265951
1.43664	11.61426973	2.45711092
1.43784	11.61428525	2.454959416
1.43904	11.61430078	2.452811429
1.44024	11.61431632	2.45066695
1.44144	11.61433188	2.448525971
1.44264	11.61434745	2.446388484
1.44384	11.61436302	2.444254478
1.44505	11.61437861	2.442123947
1.44625	11.61439422	2.43999688
1.44745	11.61440983	2.43787327
1.44865	11.61442546	2.435753107
1.44985	11.61444109	2.433636384
1.45105	11.61445674	2.431523092
1.45225	11.6144724	2.429413222
1.45345	11.61448807	2.427306765
1.45465	11.61450376	2.425203715
1.45586	11.61451945	2.423104061
1.45706	11.61453516	2.421007795
1.45826	11.61455088	2.41891491
1.45946	11.61456661	2.416825397
1.46066	11.61458235	2.414739248
1.46186	11.61459811	2.412656453
1.46306	11.61461387	2.410577006
1.46426	11.61462965	2.408500898
1.46547	11.61464544	2.40642812
1.46667	11.61466124	2.404358665
1.46787	11.61467705	2.402292525
1.46907	11.61469287	2.40022969
1.47027	11.61470871	2.398170154
1.47147	11.61472456	2.396113908
1.47267	11.61474041	2.394060944
1.47387	11.61475628	2.392011254
1.47508	11.61477217	2.38996483
1.47628	11.61478806	2.387921664
1.47748	11.61480397	2.385881748
1.47868	11.61481988	2.383845075
1.47988	11.61483581	2.381811636
1.48108	11.61485175	2.379781424
1.48228	11.6148677	2.377754431
1.48348	11.61488367	2.375730648
1.48468	11.61489964	2.373710069
1.48589	11.61491563	2.371692685
1.48709	11.61493162	2.369678489
1.48829	11.61494763	2.367667473
1.48949	11.61496366	2.36565963
1.49069	11.61497969	2.36365495
1.49189	11.61499573	2.361653428
1.49309	11.61501179	2.359655056
1.49429	11.61502786	2.357659825
1.4955	11.61504394	2.355667729
1.4967	11.61506003	2.35367876
1.4979	11.61507613	2.351692909
1.4991	11.61509224	2.349710171
1.5003	11.61510837	2.347730537
1.5015	11.61512451	2.345754
1.5027	11.61514065	2.343780553
1.5039	11.61515681	2.341810187
1.50511	11.61517299	2.339842897
1.50631	11.61518917	2.337878674
1.50751	11.61520536	2.335917511
1.50871	11.61522157	2.3339594
1.50991	11.61523779	2.332004336
1.51111	11.61525402	2.33005231
1.51231	11.61527026	2.328103314
1.51351	11.61528651	2.326157343
1.51471	11.61530277	2.324214389
1.51592	11.61531905	2.322274444
1.51712	11.61533534	2.320337501
1.51832	11.61535164	2.318403554
1.51952	11.61536795	2.316472596
1.52072	11.61538427	2.314544618
1.52192	11.6154006	2.312619614
1.52312	11.61541695	2.310697578
1.52432	11.6154333	2.308778502
1.52553	11.61544967	2.306862379
1.52673	11.61546605	2.304949202
1.52793	11.61548244	2.303038965
1.52913	11.61549884	2.30113166
1.53033	11.61551526	2.29922728
1.53153	11.61553168	2.297325819
1.53273	11.61554812	2.29542727
1.53393	11.61556456	2.293531626
1.53514	11.61558102	2.29163888
1.53634	11.6155975	2.289749025
1.53754	11.61561398	2.287862055
1.53874	11.61563047	2.285977963
1.53994	11.61564698	2.284096742
1.54114	11.61566349	2.282218385
1.54234	11.61568002	2.280342887
1.54354	11.61569656	2.278470239
1.54474	11.61571311	2.276600436
1.54595	11.61572968	2.274733471
1.54715	11.61574625	2.272869337
1.54835	11.61576284	2.271008028
1.54955	11.61577943	2.269149537
1.55075	11.61579604	2.267293858
1.55195	11.61581266	2.265440984
1.55315	11.61582929	2.263590909
1.55435	11.61584594	2.261743626
1.55556	11.61586259	2.259899128
1.55676	11.61587926	2.25805741
1.55796	11.61589593	2.256218465
1.55916	11.61591262	2.254382286
1.56036	11.61592932	2.252548868
1.56156	11.61594603	2.250718203
1.56276	11.61596275	2.248890286
1.56396	11.61597949	2.247065109
1.56517	11.61599623	2.245242668
1.56637	11.61601299	2.243422956
1.56757	11.61602976	2.241605965
1.56877	11.61604654	2.239791691
1.56997	11.61606333	2.237980127
1.57117	11.61608013	2.236171266
1.57237	11.61609695	2.234365103
1.57357	11.61611377	2.232561631
1.57477	11.61613061	2.230760844
1.57598	11.61614745	2.228962737
1.57718	11.61616431	2.227167302
1.57838	11.61618118	2.225374534
1.57958	11.61619807	2.223584427
1.58078	11.61621496	2.221796975
1.58198	11.61623186	2.220012172
1.58318	11.61624878	2.218230012
1.58438	11.61626571	2.216450488
1.58559	11.61628265	2.214673595
1.58679	11.6162996	2.212899326
1.58799	11.61631656	2.211127677
1.58919	11.61633353	2.209358641
1.59039	11.61635051	2.207592211
1.59159	11.61636751	2.205828383
1.59279	11.61638452	2.204067151
1.59399	11.61640153	2.202308507
1.5952	11.61641856	2.200552447
1.5964	11.6164356	2.198798966
1.5976	11.61645266	2.197048056
1.5988	11.61646972	2.195299712
1.6	11.61648679	2.193553929
