0.4	-382.3917749	9023.101321
0.401201201	-382.3872514	8995.982867
0.402402402	-382.3827145	8969.026007
0.403603604	-382.378164	8942.2293
0.404804805	-382.3736002	8915.591319
0.406006006	-382.3690228	8889.110656
0.407207207	-382.364432	8862.785919
0.408408408	-382.3598278	8836.615732
0.40960961	-382.3552101	8810.598735
0.410810811	-382.3505789	8784.733585
0.412012012	-382.3459343	8759.018953
0.413213213	-382.3412762	8733.453527
0.414414414	-382.3366047	8708.036009
0.415615616	-382.3319198	8682.765117
0.416816817	-382.3272214	8657.639583
0.418018018	-382.3225095	8632.658155
0.419219219	-382.3177842	8607.819593
0.42042042	-382.3130455	8583.122673
0.421621622	-382.3082933	8558.566185
0.422822823	-382.3035276	8534.148931
0.424024024	-382.2987486	8509.869728
0.425225225	-382.293956	8485.727407
0.426426426	-382.2891501	8461.72081
0.427627628	-382.2843307	8437.848794
0.428828829	-382.2794978	8414.110228
0.43003003	-382.2746516	8390.503994
0.431231231	-382.2697919	8367.028986
0.432432432	-382.2649187	8343.68411
0.433633634	-382.2600321	8320.468286
0.434834835	-382.2551321	8297.380442
0.436036036	-382.2502187	8274.419523
0.437237237	-382.2452918	8251.584481
0.438438438	-382.2403515	8228.874283
0.43963964	-382.2353978	8206.287904
0.440840841	-382.2304306	8183.824333
0.442042042	-382.22545	8161.482569
0.443243243	-382.220456	8139.261621
0.444444444	-382.2154485	8117.16051
0.445645646	-382.2104277	8095.178267
0.446846847	-382.2053934	8073.313933
0.448048048	-382.2003457	8051.56656
0.449249249	-382.1952845	8029.93521
0.45045045	-382.19021	8008.418954
0.451651652	-382.185122	7987.016874
0.452852853	-382.1800206	7965.728062
0.454054054	-382.1749058	7944.551619
0.455255255	-382.1697776	7923.486656
0.456456456	-382.164636	7902.532291
0.457657658	-382.1594809	7881.687655
0.458858859	-382.1543124	7860.951886
0.46006006	-382.1491306	7840.324131
0.461261261	-382.1439353	7819.803546
0.462462462	-382.1387266	7799.389296
0.463663664	-382.1335045	7779.080554
0.464864865	-382.128269	7758.876504
0.466066066	-382.12302	7738.776335
0.467267267	-382.1177577	7718.779246
0.468468468	-382.112482	7698.884444
0.46966967	-382.1071929	7679.091145
0.470870871	-382.1018903	7659.398572
0.472072072	-382.0965744	7639.805955
0.473273273	-382.091245	7620.312534
0.474474474	-382.0859023	7600.917556
0.475675676	-382.0805462	7581.620275
0.476876877	-382.0751767	7562.419951
0.478078078	-382.0697937	7543.315856
0.479279279	-382.0643974	7524.307265
0.48048048	-382.0589877	7505.393461
0.481681682	-382.0535646	7486.573736
0.482882883	-382.0481281	7467.847388
0.484084084	-382.0426782	7449.213722
0.485285285	-382.037215	7430.672049
0.486486486	-382.0317383	7412.221688
0.487687688	-382.0262482	7393.861964
0.488888889	-382.0207448	7375.592209
0.49009009	-382.015228	7357.411762
0.491291291	-382.0096978	7339.319968
0.492492492	-382.0041542	7321.316178
0.493693694	-381.9985973	7303.399749
0.494894895	-381.9930269	7285.570046
0.496096096	-381.9874432	7267.826439
0.497297297	-381.9818461	7250.168303
0.498498498	-381.9762356	7232.595021
0.4996997	-381.9706118	7215.105981
0.500900901	-381.9649746	7197.700577
0.502102102	-381.959324	7180.378209
0.503303303	-381.95366	7163.138282
0.504504505	-381.9479827	7145.980207
0.505705706	-381.9422919	7128.903402
0.506906907	-381.9365879	7111.907288
0.508108108	-381.9308704	7094.991293
0.509309309	-381.9251396	7078.15485
0.510510511	-381.9193954	7061.397398
0.511711712	-381.9136379	7044.71838
0.512912913	-381.907867	7028.117246
0.514114114	-381.9020827	7011.59345
0.515315315	-381.8962851	6995.14645
0.516516517	-381.8904741	6978.775711
0.517717718	-381.8846498	6962.480702
0.518918919	-381.8788121	6946.260898
0.52012012	-381.8729611	6930.115777
0.521321321	-381.8670967	6914.044823
0.522522523	-381.8612189	6898.047525
0.523723724	-381.8553278	6882.123375
0.524924925	-381.8494233	6866.271872
0.526126126	-381.8435055	6850.492519
0.527327327	-381.8375744	6834.784821
0.528528529	-381.8316299	6819.148291
0.52972973	-381.825672	6803.582444
0.530930931	-381.8197008	6788.086801
0.532132132	-381.8137163	6772.660886
0.533333333	-381.8077184	6757.304228
0.534534535	-381.8017072	6742.016361
0.535735736	-381.7956827	6726.796821
0.536936937	-381.7896448	6711.645151
0.538138138	-381.7835935	6696.560894
0.539339339	-381.777529	6681.543602
0.540540541	-381.7714511	6666.592828
0.541741742	-381.7653598	6651.708129
0.542942943	-381.7592553	6636.889067
0.544144144	-381.7531374	6622.135207
0.545345345	-381.7470061	6607.446119
0.546546547	-381.7408616	6592.821374
0.547747748	-381.7347037	6578.260551
0.548948949	-381.7285325	6563.763229
0.55015015	-381.722348	6549.328992
0.551351351	-381.7161501	6534.957429
0.552552553	-381.7099389	6520.64813
0.553753754	-381.7037144	6506.40069
0.554954955	-381.6974766	6492.214707
0.556156156	-381.6912255	6478.089785
0.557357357	-381.684961	6464.025526
0.558558559	-381.6786833	6450.021541
0.55975976	-381.6723922	6436.077442
0.560960961	-381.6660878	6422.192843
0.562162162	-381.6597701	6408.367363
0.563363363	-381.6534391	6394.600624
0.564564565	-381.6470947	6380.892251
0.565765766	-381.6407371	6367.241873
0.566966967	-381.6343662	6353.64912
0.568168168	-381.6279819	6340.113628
0.569369369	-381.6215844	6326.635034
0.570570571	-381.6151735	6313.212978
0.571771772	-381.6087494	6299.847105
0.572972973	-381.6023119	6286.537061
0.574174174	-381.5958612	6273.282495
0.575375375	-381.5893971	6260.08306
0.576576577	-381.5829198	6246.938412
0.577777778	-381.5764291	6233.848209
0.578978979	-381.5699252	6220.812112
0.58018018	-381.563408	6207.829785
0.581381381	-381.5568775	6194.900895
0.582582583	-381.5503337	6182.025111
0.583783784	-381.5437766	6169.202106
0.584984985	-381.5372062	6156.431554
0.586186186	-381.5306225	6143.713133
0.587387387	-381.5240256	6131.046523
0.588588589	-381.5174153	6118.431407
0.58978979	-381.5107918	6105.86747
0.590990991	-381.504155	6093.3544
0.592192192	-381.497505	6080.891889
0.593393393	-381.4908416	6068.479628
0.594594595	-381.484165	6056.117313
0.595795796	-381.4774751	6043.804642
0.596996997	-381.4707719	6031.541316
0.598198198	-381.4640555	6019.327037
0.599399399	-381.4573258	6007.161511
0.600600601	-381.4505828	5995.044444
0.601801802	-381.4438265	5982.975547
0.603003003	-381.437057	5970.954533
0.604204204	-381.4302742	5958.981114
0.605405405	-381.4234782	5947.055009
0.606606607	-381.4166689	5935.175935
0.607807808	-381.4098463	5923.343615
0.609009009	-381.4030105	5911.557772
0.61021021	-381.3961614	5899.81813
0.611411411	-381.389299	5888.124419
0.612612613	-381.3824234	5876.476367
0.613813814	-381.3755346	5864.873706
0.615015015	-381.3686325	5853.316172
0.616216216	-381.3617171	5841.803499
0.617417417	-381.3547885	5830.335426
0.618618619	-381.3478467	5818.911694
0.61981982	-381.3408916	5807.532043
0.621021021	-381.3339232	5796.19622
0.622222222	-381.3269416	5784.903969
0.623423423	-381.3199468	5773.65504
0.624624625	-381.3129387	5762.449182
0.625825826	-381.3059174	5751.286146
0.627027027	-381.2988829	5740.165688
0.628228228	-381.2918351	5729.087563
0.629429429	-381.2847741	5718.051528
0.630630631	-381.2776998	5707.057343
0.631831832	-381.2706123	5696.104769
0.633033033	-381.2635116	5685.19357
0.634234234	-381.2563977	5674.32351
0.635435435	-381.2492705	5663.494357
0.636636637	-381.2421301	5652.705878
0.637837838	-381.2349764	5641.957844
0.639039039	-381.2278096	5631.250026
0.64024024	-381.2206295	5620.582199
0.641441441	-381.2134362	5609.954138
0.642642643	-381.2062297	5599.36562
0.643843844	-381.19901	5588.816423
0.645045045	-381.191777	5578.306328
0.646246246	-381.1845309	5567.835117
0.647447447	-381.1772715	5557.402573
0.648648649	-381.1699989	5547.008482
0.64984985	-381.1627131	5536.652631
0.651051051	-381.1554141	5526.334807
0.652252252	-381.1481019	5516.054801
0.653453453	-381.1407765	5505.812404
0.654654655	-381.1334378	5495.607409
0.655855856	-381.126086	5485.439612
0.657057057	-381.118721	5475.308806
0.658258258	-381.1113427	5465.214791
0.659459459	-381.1039513	5455.157366
0.660660661	-381.0965467	5445.136329
0.661861862	-381.0891289	5435.151485
0.663063063	-381.0816979	5425.202635
0.664264264	-381.0742536	5415.289585
0.665465465	-381.0667962	5405.412141
0.666666667	-381.0593257	5395.57011
0.667867868	-381.0518419	5385.763301
0.669069069	-381.0443449	5375.991525
0.67027027	-381.0368348	5366.254593
0.671471471	-381.0293114	5356.552319
0.672672673	-381.0217749	5346.884516
0.673873874	-381.0142252	5337.251
0.675075075	-381.0066624	5327.651589
0.676276276	-380.9990863	5318.086101
0.677477477	-380.9914971	5308.554354
0.678678679	-380.9838947	5299.056171
0.67987988	-380.9762791	5289.591373
0.681081081	-380.9686504	5280.159783
0.682282282	-380.9610085	5270.761227
0.683483483	-380.9533534	5261.395529
0.684684685	-380.9456851	5252.062518
0.685885886	-380.9380037	5242.762021
0.687087087	-380.9303092	5233.493868
0.688288288	-380.9226014	5224.25789
0.689489489	-380.9148805	5215.053918
0.690690691	-380.9071465	5205.881785
0.691891892	-380.8993993	5196.741326
0.693093093	-380.8916389	5187.632377
0.694294294	-380.8838654	5178.554772
0.695495495	-380.8760787	5169.508351
0.696696697	-380.8682789	5160.492951
0.697897898	-380.8604659	5151.508414
0.699099099	-380.8526398	5142.554578
0.7003003	-380.8448005	5133.631288
0.701501502	-380.8369481	5124.738385
0.702702703	-380.8290826	5115.875714
0.703903904	-380.8212039	5107.04312
0.705105105	-380.813312	5098.24045
0.706306306	-380.8054071	5089.467551
0.707507508	-380.7974889	5080.724271
0.708708709	-380.7895577	5072.010459
0.70990991	-380.7816133	5063.325967
0.711111111	-380.7736558	5054.670645
0.712312312	-380.7656852	5046.044345
0.713513514	-380.7577014	5037.446923
0.714714715	-380.7497045	5028.878231
0.715915916	-380.7416945	5020.338125
0.717117117	-380.7336714	5011.826462
0.718318318	-380.7256351	5003.343099
0.71951952	-380.7175857	4994.887895
0.720720721	-380.7095232	4986.460707
0.721921922	-380.7014476	4978.061397
0.723123123	-380.6933589	4969.689826
0.724324324	-380.685257	4961.345856
0.725525526	-380.6771421	4953.029349
0.726726727	-380.669014	4944.74017
0.727927928	-380.6608728	4936.478183
0.729129129	-380.6527185	4928.243254
0.73033033	-380.6445512	4920.035249
0.731531532	-380.6363707	4911.854036
0.732732733	-380.6281771	4903.699483
0.733933934	-380.6199704	4895.571459
0.735135135	-380.6117506	4887.469834
0.736336336	-380.6035177	4879.39448
0.737537538	-380.5952717	4871.345266
0.738738739	-380.5870126	4863.322067
0.73993994	-380.5787404	4855.324755
0.741141141	-380.5704552	4847.353205
0.742342342	-380.5621568	4839.407292
0.743543544	-380.5538454	4831.486891
0.744744745	-380.5455209	4823.591878
0.745945946	-380.5371833	4815.722132
0.747147147	-380.5288326	4807.87753
0.748348348	-380.5204688	4800.057952
0.74954955	-380.512092	4792.263277
0.750750751	-380.503702	4784.493385
0.751951952	-380.495299	4776.748158
0.753153153	-380.486883	4769.027478
0.754354354	-380.4784538	4761.331228
0.755555556	-380.4700116	4753.65929
0.756756757	-380.4615563	4746.01155
0.757957958	-380.453088	4738.387892
0.759159159	-380.4446066	4730.788202
0.76036036	-380.4361121	4723.212367
0.761561562	-380.4276045	4715.660273
0.762762763	-380.419084	4708.131809
0.763963964	-380.4105503	4700.626863
0.765165165	-380.4020036	4693.145323
0.766366366	-380.3934438	4685.687082
0.767567568	-380.384871	4678.252028
0.768768769	-380.3762851	4670.840053
0.76996997	-380.3676862	4663.451049
0.771171171	-380.3590742	4656.084909
0.772372372	-380.3504492	4648.741527
0.773573574	-380.3418112	4641.420795
0.774774775	-380.3331601	4634.12261
0.775975976	-380.3244959	4626.846866
0.777177177	-380.3158187	4619.593459
0.778378378	-380.3071285	4612.362285
0.77957958	-380.2984253	4605.153243
0.780780781	-380.289709	4597.96623
0.781981982	-380.2809797	4590.801144
0.783183183	-380.2722373	4583.657884
0.784384384	-380.263482	4576.536351
0.785585586	-380.2547136	4569.436445
0.786786787	-380.2459321	4562.358066
0.787987988	-380.2371377	4555.301116
0.789189189	-380.2283302	4548.265498
0.79039039	-380.2195097	4541.251114
0.791591592	-380.2106762	4534.257867
0.792792793	-380.2018297	4527.285662
0.793993994	-380.1929702	4520.334402
0.795195195	-380.1840976	4513.403994
0.796396396	-380.175212	4506.494342
0.797597598	-380.1663135	4499.605353
0.798798799	-380.1574019	4492.736934
0.8	-380.1484773	4485.888992
0.801201201	-380.1395397	4479.061436
0.802402402	-380.1305892	4472.254172
0.803603604	-380.1216256	4465.467112
0.804804805	-380.112649	4458.700163
0.806006006	-380.1036594	4451.953236
0.807207207	-380.0946568	4445.226243
0.808408408	-380.0856413	4438.519093
0.80960961	-380.0766127	4431.831699
0.810810811	-380.0675712	4425.163973
0.812012012	-380.0585166	4418.515827
0.813213213	-380.0494491	4411.887176
0.814414414	-380.0403686	4405.277932
0.815615616	-380.0312751	4398.68801
0.816816817	-380.0221687	4392.117324
0.818018018	-380.0130492	4385.565791
0.819219219	-380.0039168	4379.033325
0.82042042	-379.9947714	4372.519844
0.821621622	-379.9856131	4366.025263
0.822822823	-379.9764418	4359.5495
0.824024024	-379.9672575	4353.092473
0.825225225	-379.9580602	4346.6541
0.826426426	-379.94885	4340.2343
0.827627628	-379.9396268	4333.832991
0.828828829	-379.9303906	4327.450094
0.83003003	-379.9211415	4321.085528
0.831231231	-379.9118794	4314.739215
0.832432432	-379.9026044	4308.411074
0.833633634	-379.8933164	4302.101028
0.834834835	-379.8840155	4295.808998
0.836036036	-379.8747016	4289.534907
0.837237237	-379.8653748	4283.278678
0.838438438	-379.856035	4277.040234
0.83963964	-379.8466823	4270.819498
0.840840841	-379.8373166	4264.616395
0.842042042	-379.827938	4258.430849
0.843243243	-379.8185465	4252.262785
0.844444444	-379.809142	4246.112129
0.845645646	-379.7997246	4239.978806
0.846846847	-379.7902942	4233.862743
0.848048048	-379.780851	4227.763867
0.849249249	-379.7713948	4221.682104
0.85045045	-379.7619256	4215.617382
0.851651652	-379.7524436	4209.569629
0.852852853	-379.7429486	4203.538773
0.854054054	-379.7334407	4197.524743
0.855255255	-379.7239199	4191.527469
0.856456456	-379.7143861	4185.546878
0.857657658	-379.7048395	4179.582903
0.858858859	-379.6952799	4173.635472
0.86006006	-379.6857074	4167.704517
0.861261261	-379.676122	4161.789969
0.862462462	-379.6665237	4155.891758
0.863663664	-379.6569125	4150.009818
0.864864865	-379.6472884	4144.14408
0.866066066	-379.6376514	4138.294476
0.867267267	-379.6280015	4132.46094
0.868468468	-379.6183387	4126.643406
0.86966967	-379.608663	4120.841806
0.870870871	-379.5989744	4115.056075
0.872072072	-379.5892729	4109.286148
0.873273273	-379.5795585	4103.531958
0.874474474	-379.5698312	4097.793442
0.875675676	-379.5600911	4092.070535
0.876876877	-379.550338	4086.363173
0.878078078	-379.5405721	4080.671291
0.879279279	-379.5307933	4074.994827
0.88048048	-379.5210016	4069.333718
0.881681682	-379.5111971	4063.6879
0.882882883	-379.5013796	4058.057312
0.884084084	-379.4915493	4052.441891
0.885285285	-379.4817061	4046.841575
0.886486486	-379.4718501	4041.256303
0.887687688	-379.4619812	4035.686015
0.888888889	-379.4520994	4030.130649
0.89009009	-379.4422048	4024.590145
0.891291291	-379.4322973	4019.064443
0.892492492	-379.4223769	4013.553483
0.893693694	-379.4124437	4008.057206
0.894894895	-379.4024976	4002.575552
0.896096096	-379.3925387	3997.108464
0.897297297	-379.3825669	3991.655882
0.898498498	-379.3725823	3986.217748
0.8996997	-379.3625848	3980.794004
0.900900901	-379.3525745	3975.384593
0.902102102	-379.3425513	3969.989458
0.903303303	-379.3325153	3964.608541
0.904504505	-379.3224665	3959.241787
0.905705706	-379.3124048	3953.889138
0.906906907	-379.3023303	3948.550539
0.908108108	-379.2922429	3943.225934
0.909309309	-379.2821427	3937.915267
0.910510511	-379.2720297	3932.618484
0.911711712	-379.2619039	3927.335529
0.912912913	-379.2517653	3922.066349
0.914114114	-379.2416138	3916.810887
0.915315315	-379.2314495	3911.569092
0.916516517	-379.2212724	3906.340909
0.917717718	-379.2110824	3901.126284
0.918918919	-379.2008797	3895.925164
0.92012012	-379.1906641	3890.737497
0.921321321	-379.1804357	3885.56323
0.922522523	-379.1701946	3880.402311
0.923723724	-379.1599406	3875.254687
0.924924925	-379.1496738	3870.120307
0.926126126	-379.1393942	3864.999119
0.927327327	-379.1291018	3859.891072
0.928528529	-379.1187966	3854.796115
0.92972973	-379.1084786	3849.714197
0.930930931	-379.0981478	3844.645269
0.932132132	-379.0878042	3839.589278
0.933333333	-379.0774479	3834.546177
0.934534535	-379.0670787	3829.515915
0.935735736	-379.0566968	3824.498442
0.936936937	-379.0463021	3819.49371
0.938138138	-379.0358946	3814.501669
0.939339339	-379.0254743	3809.522272
0.940540541	-379.0150412	3804.555468
0.941741742	-379.0045954	3799.601211
0.942942943	-378.9941368	3794.659452
0.944144144	-378.9836654	3789.730144
0.945345345	-378.9731813	3784.813239
0.946546547	-378.9626844	3779.908691
0.947747748	-378.9521747	3775.016451
0.948948949	-378.9416522	3770.136473
0.95015015	-378.931117	3765.268712
0.951351351	-378.9205691	3760.41312
0.952552553	-378.9100084	3755.569651
0.953753754	-378.8994349	3750.738261
0.954954955	-378.8888487	3745.918902
0.956156156	-378.8782497	3741.111531
0.957357357	-378.867638	3736.316101
0.958558559	-378.8570135	3731.532569
0.95975976	-378.8463763	3726.760888
0.960960961	-378.8357263	3722.001016
0.962162162	-378.8250637	3717.252907
0.963363363	-378.8143882	3712.516517
0.964564565	-378.8037001	3707.791804
0.965765766	-378.7929992	3703.078723
0.966966967	-378.7822855	3698.377231
0.968168168	-378.7715592	3693.687285
0.969369369	-378.7608201	3689.008842
0.970570571	-378.7500683	3684.34186
0.971771772	-378.7393038	3679.686295
0.972972973	-378.7285265	3675.042106
0.974174174	-378.7177366	3670.40925
0.975375375	-378.7069339	3665.787686
0.976576577	-378.6961185	3661.177372
0.977777778	-378.6852904	3656.578266
0.978978979	-378.6744496	3651.990328
0.98018018	-378.663596	3647.413516
0.981381381	-378.6527298	3642.84779
0.982582583	-378.6418509	3638.293109
0.983783784	-378.6309593	3633.749432
0.984984985	-378.6200549	3629.216719
0.986186186	-378.6091379	3624.69493
0.987387387	-378.5982082	3620.184025
0.988588589	-378.5872658	3615.683966
0.98978979	-378.5763107	3611.194711
0.990990991	-378.5653429	3606.716222
0.992192192	-378.5543624	3602.24846
0.993393393	-378.5433693	3597.791386
0.994594595	-378.5323634	3593.344961
0.995795796	-378.5213449	3588.909146
0.996996997	-378.5103137	3584.483904
0.998198198	-378.4992698	3580.069197
0.999399399	-378.4882133	3575.664985
1.000600601	-378.4771441	3571.271232
1.001801802	-378.4660622	3566.8879
1.003003003	-378.4549677	3562.514951
1.004204204	-378.4438605	3558.152349
1.005405405	-378.4327406	3553.800055
1.006606607	-378.4216081	3549.458034
1.007807808	-378.4104629	3545.126248
1.009009009	-378.3993051	3540.804662
1.01021021	-378.3881346	3536.493238
1.011411411	-378.3769514	3532.19194
1.012612613	-378.3657556	3527.900733
1.013813814	-378.3545472	3523.619581
1.015015015	-378.3433261	3519.348447
1.016216216	-378.3320924	3515.087297
1.017417417	-378.3208461	3510.836095
1.018618619	-378.3095871	3506.594806
1.01981982	-378.2983155	3502.363394
1.021021021	-378.2870312	3498.141826
1.022222222	-378.2757343	3493.930066
1.023423423	-378.2644248	3489.72808
1.024624625	-378.2531027	3485.535833
1.025825826	-378.2417679	3481.353292
1.027027027	-378.2304205	3477.180422
1.028228228	-378.2190605	3473.017189
1.029429429	-378.2076879	3468.86356
1.030630631	-378.1963027	3464.719502
1.031831832	-378.1849048	3460.584979
1.033033033	-378.1734944	3456.459961
1.034234234	-378.1620713	3452.344412
1.035435435	-378.1506356	3448.238302
1.036636637	-378.1391874	3444.141595
1.037837838	-378.1277265	3440.054261
1.039039039	-378.116253	3435.976266
1.04024024	-378.104767	3431.907579
1.041441441	-378.0932683	3427.848166
1.042642643	-378.0817571	3423.797997
1.043843844	-378.0702332	3419.757038
1.045045045	-378.0586968	3415.725259
1.046246246	-378.0471478	3411.702628
1.047447447	-378.0355862	3407.689113
1.048648649	-378.0240121	3403.684683
1.04984985	-378.0124253	3399.689306
1.051051051	-378.000826	3395.702953
1.052252252	-377.9892141	3391.725591
1.053453453	-377.9775896	3387.757191
1.054654655	-377.9659526	3383.797721
1.055855856	-377.954303	3379.847152
1.057057057	-377.9426408	3375.905452
1.058258258	-377.9309661	3371.972591
1.059459459	-377.9192788	3368.048541
1.060660661	-377.907579	3364.13327
1.061861862	-377.8958666	3360.226748
1.063063063	-377.8841416	3356.328948
1.064264264	-377.8724042	3352.439837
1.065465465	-377.8606541	3348.559389
1.066666667	-377.8488915	3344.687572
1.067867868	-377.8371164	3340.824358
1.069069069	-377.8253287	3336.969719
1.07027027	-377.8135285	3333.123624
1.071471471	-377.8017158	3329.286046
1.072672673	-377.7898905	3325.456956
1.073873874	-377.7780527	3321.636325
1.075075075	-377.7662023	3317.824126
1.076276276	-377.7543395	3314.020329
1.077477477	-377.7424641	3310.224907
1.078678679	-377.7305762	3306.437832
1.07987988	-377.7186758	3302.659075
1.081081081	-377.7067628	3298.88861
1.082282282	-377.6948374	3295.126409
1.083483483	-377.6828994	3291.372444
1.084684685	-377.6709489	3287.626688
1.085885886	-377.6589859	3283.889114
1.087087087	-377.6470104	3280.159694
1.088288288	-377.6350224	3276.438402
1.089489489	-377.6230219	3272.72521
1.090690691	-377.6110089	3269.020092
1.091891892	-377.5989835	3265.323022
1.093093093	-377.5869455	3261.633973
1.094294294	-377.574895	3257.952918
1.095495495	-377.562832	3254.279831
1.096696697	-377.5507566	3250.614686
1.097897898	-377.5386687	3246.957457
1.099099099	-377.5265682	3243.308118
1.1003003	-377.5144554	3239.666644
1.101501502	-377.50233	3236.033008
1.102702703	-377.4901921	3232.407184
1.103903904	-377.4780418	3228.789149
1.105105105	-377.4658791	3225.178875
1.106306306	-377.4537038	3221.576338
1.107507508	-377.4415161	3217.981512
1.108708709	-377.4293159	3214.394374
1.10990991	-377.4171033	3210.814896
1.111111111	-377.4048782	3207.243056
1.112312312	-377.3926406	3203.678828
1.113513514	-377.3803906	3200.122187
1.114714715	-377.3681282	3196.573109
1.115915916	-377.3558533	3193.03157
1.117117117	-377.343566	3189.497545
1.118318318	-377.3312662	3185.97101
1.11951952	-377.318954	3182.451941
1.120720721	-377.3066293	3178.940314
1.121921922	-377.2942922	3175.436105
1.123123123	-377.2819427	3171.939291
1.124324324	-377.2695807	3168.449847
1.125525526	-377.2572063	3164.96775
1.126726727	-377.2448195	3161.492977
1.127927928	-377.2324203	3158.025504
1.129129129	-377.2200086	3154.565308
1.13033033	-377.2075845	3151.112365
1.131531532	-377.1951481	3147.666654
1.132732733	-377.1826992	3144.22815
1.133933934	-377.1702378	3140.796831
1.135135135	-377.1577641	3137.372673
1.136336336	-377.145278	3133.955656
1.137537538	-377.1327795	3130.545755
1.138738739	-377.1202685	3127.142948
1.13993994	-377.1077452	3123.747213
1.141141141	-377.0952095	3120.358527
1.142342342	-377.0826613	3116.976869
1.143543544	-377.0701008	3113.602216
1.144744745	-377.0575279	3110.234546
1.145945946	-377.0449427	3106.873837
1.147147147	-377.032345	3103.520068
1.148348348	-377.0197349	3100.173216
1.14954955	-377.0071125	3096.83326
1.150750751	-376.9944777	3093.500178
1.151951952	-376.9818305	3090.17395
1.153153153	-376.969171	3086.854552
1.154354354	-376.9564991	3083.541965
1.155555556	-376.9438148	3080.236167
1.156756757	-376.9311181	3076.937137
1.157957958	-376.9184091	3073.644853
1.159159159	-376.9056877	3070.359296
1.16036036	-376.892954	3067.080443
1.161561562	-376.8802079	3063.808274
1.162762763	-376.8674495	3060.542769
1.163963964	-376.8546787	3057.283907
1.165165165	-376.8418956	3054.031667
1.166366366	-376.8291001	3050.786029
1.167567568	-376.8162923	3047.546972
1.168768769	-376.8034722	3044.314477
1.16996997	-376.7906397	3041.088523
1.171171171	-376.7777949	3037.86909
1.172372372	-376.7649377	3034.656157
1.173573574	-376.7520683	3031.449706
1.174774775	-376.7391865	3028.249716
1.175975976	-376.7262923	3025.056167
1.177177177	-376.7133859	3021.86904
1.178378378	-376.7004671	3018.688315
1.17957958	-376.6875361	3015.513973
1.180780781	-376.6745927	3012.345993
1.181981982	-376.661637	3009.184357
1.183183183	-376.6486689	3006.029046
1.184384384	-376.6356886	3002.88004
1.185585586	-376.622696	2999.737319
1.186786787	-376.6096911	2996.600866
1.187987988	-376.5966739	2993.470661
1.189189189	-376.5836444	2990.346684
1.19039039	-376.5706026	2987.228918
1.191591592	-376.5575485	2984.117343
1.192792793	-376.5444821	2981.011941
1.193993994	-376.5314034	2977.912693
1.195195195	-376.5183125	2974.819581
1.196396396	-376.5052092	2971.732586
1.197597598	-376.4920937	2968.651689
1.198798799	-376.4789659	2965.576873
1.2	-376.4658259	2962.50812
1.201201201	-376.4526736	2959.44541
1.202402402	-376.439509	2956.388726
1.203603604	-376.4263321	2953.33805
1.204804805	-376.413143	2950.293364
1.206006006	-376.3999416	2947.254651
1.207207207	-376.386728	2944.221891
1.208408408	-376.3735021	2941.195068
1.20960961	-376.360264	2938.174164
1.210810811	-376.3470136	2935.159161
1.212012012	-376.3337509	2932.150042
1.213213213	-376.3204761	2929.146789
1.214414414	-376.3071889	2926.149385
1.215615616	-376.2938896	2923.157813
1.216816817	-376.280578	2920.172055
1.218018018	-376.2672542	2917.192094
1.219219219	-376.2539181	2914.217913
1.22042042	-376.2405698	2911.249495
1.221621622	-376.2272093	2908.286824
1.222822823	-376.2138366	2905.329881
1.224024024	-376.2004516	2902.378651
1.225225225	-376.1870544	2899.433116
1.226426426	-376.1736451	2896.493259
1.227627628	-376.1602235	2893.559065
1.228828829	-376.1467897	2890.630517
1.23003003	-376.1333436	2887.707597
1.231231231	-376.1198854	2884.79029
1.232432432	-376.106415	2881.878579
1.233633634	-376.0929324	2878.972448
1.234834835	-376.0794376	2876.071881
1.236036036	-376.0659306	2873.176861
1.237237237	-376.0524113	2870.287372
1.238438438	-376.03888	2867.403398
1.23963964	-376.0253364	2864.524924
1.240840841	-376.0117806	2861.651932
1.242042042	-375.9982127	2858.784408
1.243243243	-375.9846326	2855.922335
1.244444444	-375.9710403	2853.065698
1.245645646	-375.9574358	2850.214482
1.246846847	-375.9438192	2847.368669
1.248048048	-375.9301904	2844.528245
1.249249249	-375.9165494	2841.693194
1.25045045	-375.9028963	2838.863502
1.251651652	-375.889231	2836.039151
1.252852853	-375.8755535	2833.220128
1.254054054	-375.8618639	2830.406416
1.255255255	-375.8481622	2827.598001
1.256456456	-375.8344483	2824.794867
1.257657658	-375.8207222	2821.996999
1.258858859	-375.8069841	2819.204383
1.26006006	-375.7932337	2816.417003
1.261261261	-375.7794713	2813.634844
1.262462462	-375.7656967	2810.857891
1.263663664	-375.7519099	2808.08613
1.264864865	-375.7381111	2805.319545
1.266066066	-375.7243001	2802.558123
1.267267267	-375.710477	2799.801848
1.268468468	-375.6966417	2797.050705
1.26966967	-375.6827944	2794.304681
1.270870871	-375.6689349	2791.563761
1.272072072	-375.6550633	2788.82793
1.273273273	-375.6411796	2786.097174
1.274474474	-375.6272838	2783.371478
1.275675676	-375.6133759	2780.650829
1.276876877	-375.5994559	2777.935212
1.278078078	-375.5855238	2775.224612
1.279279279	-375.5715796	2772.519017
1.28048048	-375.5576233	2769.818411
1.281681682	-375.5436549	2767.122781
1.282882883	-375.5296744	2764.432113
1.284084084	-375.5156818	2761.746392
1.285285285	-375.5016771	2759.065606
1.286486486	-375.4876604	2756.389739
1.287687688	-375.4736316	2753.718779
1.288888889	-375.4595907	2751.052712
1.29009009	-375.4455377	2748.391524
1.291291291	-375.4314727	2745.735202
1.292492492	-375.4173956	2743.083731
1.293693694	-375.4033064	2740.437099
1.294894895	-375.3892052	2737.795292
1.296096096	-375.3750919	2735.158297
1.297297297	-375.3609666	2732.5261
1.298498498	-375.3468292	2729.898688
1.2996997	-375.3326797	2727.276047
1.300900901	-375.3185182	2724.658165
1.302102102	-375.3043447	2722.045029
1.303303303	-375.2901591	2719.436625
1.304504505	-375.2759615	2716.83294
1.305705706	-375.2617518	2714.233961
1.306906907	-375.2475301	2711.639675
1.308108108	-375.2332964	2709.05007
1.309309309	-375.2190507	2706.465133
1.310510511	-375.2047929	2703.88485
1.311711712	-375.1905231	2701.309209
1.312912913	-375.1762413	2698.738197
1.314114114	-375.1619474	2696.171801
1.315315315	-375.1476416	2693.61001
1.316516517	-375.1333237	2691.05281
1.317717718	-375.1189938	2688.500188
1.318918919	-375.1046519	2685.952133
1.32012012	-375.0902981	2683.408632
1.321321321	-375.0759322	2680.869672
1.322522523	-375.0615543	2678.335241
1.323723724	-375.0471644	2675.805327
1.324924925	-375.0327625	2673.279918
1.326126126	-375.0183487	2670.759001
1.327327327	-375.0039228	2668.242563
1.328528529	-374.989485	2665.730594
1.32972973	-374.9750352	2663.223081
1.330930931	-374.9605734	2660.720012
1.332132132	-374.9460996	2658.221374
1.333333333	-374.9316139	2655.727156
1.334534535	-374.9171161	2653.237346
1.335735736	-374.9026065	2650.751933
1.336936937	-374.8880848	2648.270903
1.338138138	-374.8735512	2645.794246
1.339339339	-374.8590056	2643.32195
1.340540541	-374.8444481	2640.854003
1.341741742	-374.8298786	2638.390393
1.342942943	-374.8152972	2635.931109
1.344144144	-374.8007038	2633.476139
1.345345345	-374.7860985	2631.025471
1.346546547	-374.7714813	2628.579095
1.347747748	-374.7568521	2626.136998
1.348948949	-374.7422109	2623.69917
1.35015015	-374.7275579	2621.265599
1.351351351	-374.7128929	2618.836273
1.352552553	-374.6982159	2616.411181
1.353753754	-374.6835271	2613.990313
1.354954955	-374.6688263	2611.573656
1.356156156	-374.6541136	2609.1612
1.357357357	-374.639389	2606.752933
1.358558559	-374.6246525	2604.348845
1.35975976	-374.6099041	2601.948924
1.360960961	-374.5951437	2599.553159
1.362162162	-374.5803715	2597.16154
1.363363363	-374.5655873	2594.774055
1.364564565	-374.5507913	2592.390694
1.365765766	-374.5359833	2590.011445
1.366966967	-374.5211635	2587.636298
1.368168168	-374.5063318	2585.265243
1.369369369	-374.4914882	2582.898267
1.370570571	-374.4766327	2580.535361
1.371771772	-374.4617653	2578.176514
1.372972973	-374.446886	2575.821716
1.374174174	-374.4319949	2573.470955
1.375375375	-374.4170919	2571.124221
1.376576577	-374.402177	2568.781504
1.377777778	-374.3872503	2566.442792
1.378978979	-374.3723116	2564.108077
1.38018018	-374.3573612	2561.777347
1.381381381	-374.3423988	2559.450592
1.382582583	-374.3274246	2557.127801
1.383783784	-374.3124386	2554.808964
1.384984985	-374.2974407	2552.494072
1.386186186	-374.282431	2550.183113
1.387387387	-374.2674094	2547.876078
1.388588589	-374.252376	2545.572956
1.38978979	-374.2373307	2543.273737
1.390990991	-374.2222736	2540.978411
1.392192192	-374.2072047	2538.686969
1.393393393	-374.1921239	2536.3994
1.394594595	-374.1770313	2534.115693
1.395795796	-374.1619269	2531.83584
1.396996997	-374.1468107	2529.55983
1.398198198	-374.1316826	2527.287653
1.399399399	-374.1165427	2525.0193
1.400600601	-374.101391	2522.754761
1.401801802	-374.0862276	2520.494025
1.403003003	-374.0710523	2518.237083
1.404204204	-374.0558652	2515.983926
1.405405405	-374.0406663	2513.734544
1.406606607	-374.0254556	2511.488926
1.407807808	-374.0102331	2509.247064
1.409009009	-373.9949988	2507.008948
1.41021021	-373.9797527	2504.774568
1.411411411	-373.9644948	2502.543915
1.412612613	-373.9492252	2500.31698
1.413813814	-373.9339438	2498.093752
1.415015015	-373.9186506	2495.874222
1.416216216	-373.9033456	2493.658382
1.417417417	-373.8880288	2491.446221
1.418618619	-373.8727003	2489.23773
1.41981982	-373.85736	2487.032901
1.421021021	-373.842008	2484.831723
1.422222222	-373.8266442	2482.634188
1.423423423	-373.8112686	2480.440286
1.424624625	-373.7958813	2478.250009
1.425825826	-373.7804822	2476.063346
1.427027027	-373.7650714	2473.880289
1.428228228	-373.7496489	2471.700829
1.429429429	-373.7342146	2469.524957
1.430630631	-373.7187685	2467.352664
1.431831832	-373.7033108	2465.18394
1.433033033	-373.6878413	2463.018778
1.434234234	-373.67236	2460.857167
1.435435435	-373.656867	2458.699099
1.436636637	-373.6413624	2456.544565
1.437837838	-373.625846	2454.393557
1.439039039	-373.6103178	2452.246065
1.44024024	-373.594778	2450.102081
1.441441441	-373.5792264	2447.961595
1.442642643	-373.5636632	2445.8246
1.443843844	-373.5480882	2443.691087
1.445045045	-373.5325015	2441.561046
1.446246246	-373.5169031	2439.43447
1.447447447	-373.5012931	2437.311349
1.448648649	-373.4856713	2435.191675
1.44984985	-373.4700379	2433.07544
1.451051051	-373.4543927	2430.962635
1.452252252	-373.4387359	2428.853251
1.453453453	-373.4230674	2426.74728
1.454654655	-373.4073872	2424.644714
1.455855856	-373.3916953	2422.545544
1.457057057	-373.3759918	2420.449762
1.458258258	-373.3602766	2418.35736
1.459459459	-373.3445497	2416.268328
1.460660661	-373.3288112	2414.182659
1.461861862	-373.313061	2412.100345
1.463063063	-373.2972991	2410.021377
1.464264264	-373.2815256	2407.945748
1.465465465	-373.2657404	2405.873448
1.466666667	-373.2499436	2403.80447
1.467867868	-373.2341351	2401.738805
1.469069069	-373.218315	2399.676446
1.47027027	-373.2024833	2397.617385
1.471471471	-373.1866399	2395.561612
1.472672673	-373.1707849	2393.509122
1.473873874	-373.1549182	2391.459904
1.475075075	-373.13904	2389.413952
1.476276276	-373.1231501	2387.371257
1.477477477	-373.1072486	2385.331812
1.478678679	-373.0913354	2383.295608
1.47987988	-373.0754107	2381.262638
1.481081081	-373.0594743	2379.232894
1.482282282	-373.0435263	2377.206367
1.483483483	-373.0275667	2375.183052
1.484684685	-373.0115955	2373.162938
1.485885886	-372.9956128	2371.146019
1.487087087	-372.9796184	2369.132287
1.488288288	-372.9636124	2367.121735
1.489489489	-372.9475948	2365.114354
1.490690691	-372.9315657	2363.110137
1.491891892	-372.9155249	2361.109076
1.493093093	-372.8994726	2359.111164
1.494294294	-372.8834087	2357.116394
1.495495495	-372.8673332	2355.124757
1.496696697	-372.8512462	2353.136246
1.497897898	-372.8351475	2351.150853
1.499099099	-372.8190374	2349.168572
1.5003003	-372.8029156	2347.189394
1.501501502	-372.7867823	2345.213313
1.502702703	-372.7706374	2343.24032
1.503903904	-372.754481	2341.270409
1.505105105	-372.738313	2339.303572
1.506306306	-372.7221335	2337.339801
1.507507508	-372.7059424	2335.37909
1.508708709	-372.6897398	2333.421432
1.50990991	-372.6735257	2331.466818
1.511111111	-372.6573	2329.515241
1.512312312	-372.6410628	2327.566695
1.513513514	-372.624814	2325.621173
1.514714715	-372.6085537	2323.678666
1.515915916	-372.5922819	2321.739168
1.517117117	-372.5759986	2319.802672
1.518318318	-372.5597038	2317.869171
1.51951952	-372.5433974	2315.938657
1.520720721	-372.5270796	2314.011124
1.521921922	-372.5107502	2312.086564
1.523123123	-372.4944093	2310.164971
1.524324324	-372.478057	2308.246337
1.525525526	-372.4616931	2306.330656
1.526726727	-372.4453177	2304.41792
1.527927928	-372.4289309	2302.508123
1.529129129	-372.4125325	2300.601257
1.53033033	-372.3961227	2298.697317
1.531531532	-372.3797014	2296.796294
1.532732733	-372.3632686	2294.898183
1.533933934	-372.3468243	2293.002975
1.535135135	-372.3303685	2291.110665
1.536336336	-372.3139013	2289.221246
1.537537538	-372.2974226	2287.334711
1.538738739	-372.2809325	2285.451053
1.53993994	-372.2644308	2283.570266
1.541141141	-372.2479178	2281.692343
1.542342342	-372.2313932	2279.817276
1.543543544	-372.2148573	2277.94506
1.544744745	-372.1983098	2276.075688
1.545945946	-372.181751	2274.209153
1.547147147	-372.1651807	2272.345449
1.548348348	-372.1485989	2270.484569
1.54954955	-372.1320057	2268.626507
1.550750751	-372.1154011	2266.771255
1.551951952	-372.098785	2264.918808
1.553153153	-372.0821576	2263.06916
1.554354354	-372.0655187	2261.222302
1.555555556	-372.0488683	2259.37823
1.556756757	-372.0322066	2257.536936
1.557957958	-372.0155334	2255.698415
1.559159159	-371.9988489	2253.86266
1.56036036	-371.9821529	2252.029664
1.561561562	-371.9654455	2250.199421
1.562762763	-371.9487268	2248.371925
1.563963964	-371.9319966	2246.547169
1.565165165	-371.915255	2244.725148
1.566366366	-371.898502	2242.905855
1.567567568	-371.8817377	2241.089283
1.568768769	-371.864962	2239.275427
1.56996997	-371.8481748	2237.464281
1.571171171	-371.8313763	2235.655837
1.572372372	-371.8145665	2233.85009
1.573573574	-371.7977452	2232.047034
1.574774775	-371.7809126	2230.246662
1.575975976	-371.7640686	2228.448969
1.577177177	-371.7472133	2226.653948
1.578378378	-371.7303466	2224.861594
1.57957958	-371.7134685	2223.0719
1.580780781	-371.6965791	2221.28486
1.581981982	-371.6796783	2219.500468
1.583183183	-371.6627662	2217.718718
1.584384384	-371.6458428	2215.939604
1.585585586	-371.628908	2214.163121
1.586786787	-371.6119618	2212.389262
1.587987988	-371.5950044	2210.618021
1.589189189	-371.5780356	2208.849392
1.59039039	-371.5610554	2207.08337
1.591591592	-371.544064	2205.319948
1.592792793	-371.5270612	2203.559121
1.593993994	-371.5100471	2201.800883
1.595195195	-371.4930217	2200.045228
1.596396396	-371.475985	2198.292151
1.597597598	-371.458937	2196.541644
1.598798799	-371.4418776	2194.793704
1.6	-371.424807	2193.04832300
